25 -16 -10 1 1
-2 1 1 0 0 4
3 -8 0 1 0 24
1 1 0 0 1 9

1 2 0 0 0
2 3 1 0 0 6
1 0 0 1 0 1
1 -1 0 0 -1 -1

-1 -9 -10 0 0 0
-2 -3 -5 1 0 0 -24
-3 -1 -1 0 1 0 -12
-1 -4 -5 0 0 1 -20

-4 -4 0 0 0 0 0
4 3 1 0 0 0 0 -52
-1 7 0 1 0 0 0 -49
-2 1 0 0 1 0 0 4
3 -2 0 0 0 1 0 24
-3 2 0 0 0 0 1 15

-4 -4 0 0 0
6 -1 1 0 0 93
1 1 0 1 0 70
0 1 0 0 1 24

-4 -4 0 0 0 0 0 0 0 0
-4 -3 1 0 0 0 0 0 0 0 -52
1 -7 0 1 0 0 0 0 0 0 -49
-2 1 0 0 1 0 0 0 0 0 4
3 -2 0 0 0 1 0 0 0 0 24
-3 2 0 0 0 0 1 0 0 0 15
6 -1 0 0 0 0 0 1 0 0 93
1 1 0 0 0 0 0 0 1 0 70
0 1 0 0 0 0 0 0 0 1 24